x y
5.727 532.484
7.922 341.476
1.705 435.502
4.047 615.531
6.872 607.443
7.963 663.158
4.166 455.115
3.465 387.236
4.908 325.814
6.739 379.042
6.604 573.219
7.255 667.290
-4.605 403.713
-5.315 373.290
-4.149 408.283
-5.887 395.513
4.712 363.357
4.348 465.412
7.199 366.744
-4.079 407.140
6.506 411.040
2.263 417.256
-6.843 351.060
4.670 380.245
5.614 428.350
3.890 408.331
5.811 379.141
5.435 628.417
5.242 438.315
3.190 623.566
3.865 635.244
-6.362 335.235
3.649 690.880
4.071 419.541
5.235 480.136
8.127 319.108
-9.953 358.904
5.425 615.131
5.440 423.327
5.423 612.304
4.068 595.490
-5.391 415.617
3.808 646.837
5.627 405.493
5.166 380.135
-6.700 463.918
4.121 394.068
6.232 377.187
-3.955 441.731
-4.562 459.292
5.416 386.805
4.275 625.689
3.469 430.181
4.391 390.111
4.183 441.807
-8.847 403.440
1.905 651.419
1.938 394.989
6.273 420.694
4.995 571.276
7.434 399.931
6.562 346.898
6.040 662.433
-6.422 435.732
10.297 593.254
4.269 409.945
3.469 366.097
1.869 675.905
6.438 416.314
7.450 568.521
4.465 363.830
2.731 572.095
3.129 430.727
7.897 380.511
1.185 408.327
-6.316 388.220
-4.905 384.387
-7.421 377.852
-1.654 446.124
-7.476 419.970
2.237 417.042
-3.764 428.612
-4.243 391.716
5.331 452.274
-5.601 490.520
3.892 417.340
3.600 631.678
3.832 590.876
5.417 419.209
3.983 607.288
5.736 387.351
4.835 418.458
5.663 373.669
5.470 623.568
3.469 408.252
4.755 382.600
5.950 400.648
6.375 583.085
-7.134 401.359
4.293 372.977
5.107 397.712
2.199 408.260
-4.779 396.237
4.642 413.954
-3.717 397.511
6.025 351.055
7.499 377.810
4.764 424.631
6.452 400.460
4.591 387.658
4.565 612.627
5.353 435.953
4.218 380.891
-4.672 444.957
3.671 590.380
3.135 610.336
6.007 383.770
4.883 383.176
5.105 602.549
3.469 675.664
3.469 418.678
7.475 315.704
4.646 395.088
6.372 396.497
-6.987 429.318
7.648 616.881
1.711 463.918
-7.675 357.863
5.641 396.292
6.540 617.688
7.466 411.972
-4.983 627.803
4.868 535.102
3.288 551.697
6.270 406.398
2.990 663.708
-4.237 343.944
5.181 616.360
4.681 419.581
6.925 610.714
4.427 561.330
-6.275 365.152
5.790 646.463
5.939 362.306
2.710 407.601
3.511 618.884
3.911 399.606
3.514 594.809
6.296 384.176
7.922 571.493
8.202 379.992
-7.815 367.130
3.861 436.116
6.098 442.173
-4.879 380.876
-3.795 377.491
6.838 578.614
4.998 541.167
7.218 607.192
6.384 449.384
-5.151 407.539
-2.598 345.450
6.641 372.675
4.048 390.927
6.064 589.845
3.706 441.246
-5.629 386.086
-5.446 416.620
6.200 454.590
-6.438 372.561
3.501 558.769
-3.253 356.482
7.874 617.516
-2.774 399.058
5.571 390.077
-5.149 450.790
7.809 555.765
4.032 582.246
-4.476 442.451
3.827 620.727
5.272 395.154
6.311 627.451
-5.732 400.114
4.712 588.489
5.950 587.311
7.470 351.031
6.054 590.218
-5.678 378.326
3.650 408.849
5.307 453.330
-3.018 393.788
5.017 596.489
-3.515 458.381
4.973 385.811
4.196 417.642
-4.261 388.261
6.623 404.644
9.069 406.777
3.726 366.608
4.788 562.307
3.961 406.557
5.536 370.375
3.242 369.067
-8.312 414.165
-1.825 374.782
5.341 598.539
3.486 571.758
7.117 392.703
3.579 583.524
2.631 414.558
-2.043 361.928
4.367 427.412
-4.840 345.537
7.056 632.027
-4.950 419.340
5.744 618.363
2.764 583.465
5.745 630.286
2.467 425.265
3.920 603.020
0.439 407.522
6.951 363.806
6.084 400.856
4.341 640.208
-5.476 404.038
3.183 626.407
5.347 587.763
4.107 407.078
7.278 365.702
-4.187 369.895
-1.496 417.633
3.347 411.743
2.763 454.202
-4.166 410.958
-1.942 432.159
5.400 397.046
9.214 336.917
1.858 331.742
5.237 358.725
1.826 609.873
-5.898 372.031
6.060 350.734
4.833 567.467
4.084 472.825
3.660 370.345
4.767 357.328
5.410 604.206
5.719 378.107
6.933 317.698
3.390 597.185
3.084 429.207
-3.274 377.551
7.922 369.718
2.295 404.427
3.469 597.306
-1.923 463.918
6.121 430.157
5.481 603.600
5.478 598.964
7.699 382.403
6.440 580.956
2.738 408.050
-6.234 439.412
5.599 606.340
5.714 611.425
-4.051 395.853
-6.132 348.036
3.266 624.977
5.123 660.816
8.526 347.412
3.503 398.491
-6.485 372.535
-7.776 381.954
3.896 401.220
7.079 592.314
5.735 413.653
5.985 461.655
1.799 463.918
3.467 445.919
8.540 403.475
3.469 669.637
5.406 578.743
5.531 427.274
5.375 327.690
-4.122 591.404
3.816 422.751
5.509 563.495
-4.587 336.781
-5.076 441.274
4.251 481.407
3.783 598.908
5.635 428.483
8.750 368.833
-4.932 467.731
5.593 656.823
-5.358 348.535
-5.337 384.383
4.669 603.535
3.749 577.915
5.250 592.554
4.007 349.178
5.888 401.725
-3.220 402.516
4.341 417.640
4.417 609.484
6.690 349.915
-5.959 586.553
4.385 615.652
5.515 607.831
-4.513 422.238
5.763 664.687
4.865 604.481
-8.081 414.208
3.469 592.813
2.359 392.262
5.913 389.735
-7.161 416.767
7.345 590.059
6.818 400.894
4.356 561.543
-8.930 443.059
5.350 463.918
2.145 399.226
4.851 586.447
2.641 444.869
-5.385 354.408
3.090 626.872
4.437 365.677
-3.121 398.542
-5.424 333.328
-5.634 463.918
4.400 451.907
6.665 447.499
4.185 334.096
-3.070 413.682
4.988 437.388
6.569 588.502
-8.039 412.243
4.407 600.613
5.743 593.556
5.115 518.145
-6.975 413.023
1.061 646.434
6.841 393.336
3.684 395.386
-5.721 358.798
3.657 610.222
3.352 603.796
-4.736 406.558
7.470 615.469
5.876 615.335
5.490 559.955
6.486 352.647
-3.375 420.060
4.160 608.718
1.614 330.439
6.852 628.801
5.584 348.014
3.635 598.531
6.167 525.058
-6.614 371.189
6.117 363.371
5.687 540.401
4.759 402.513
2.415 490.703
6.213 613.125
5.676 430.644
7.818 432.452
-7.082 394.480
3.036 625.478
3.917 634.810
-1.948 393.491
10.154 602.556
5.762 384.442
3.817 402.910
5.562 576.889
2.085 615.389
-10.296 391.023
-3.192 397.151
4.668 428.134
-2.754 422.616
7.008 391.171
3.469 390.929
-6.711 447.029
8.097 401.887
-4.583 422.441
-5.867 425.894
3.806 371.579
7.312 353.817
3.590 406.292
3.848 414.360
8.129 570.287
-5.881 403.610
6.135 590.283
4.764 485.710
1.898 408.773
2.708 632.329
5.808 585.552
5.309 589.987
3.321 463.918
4.925 422.864
6.248 373.399
4.325 533.516
7.245 412.467
-7.296 396.184
2.505 559.002
-6.798 336.636
-2.969 373.729
4.093 573.219
1.517 390.349
4.736 600.520
7.014 406.640
5.945 463.918
2.249 376.959
5.799 602.254
-5.019 353.912
-4.492 465.318
4.931 406.700
6.915 543.431
5.681 647.239
6.061 445.828
5.421 339.775
