w1 w2 cost
-6.0000 -2.0000 1.079017
-6.0000 -1.8222 1.034051
-6.0000 -1.6444 0.990240
-6.0000 -1.4667 0.947618
-6.0000 -1.2889 0.906217
-6.0000 -1.1111 0.866066
-6.0000 -0.9333 0.827190
-6.0000 -0.7556 0.789608
-6.0000 -0.5778 0.753336
-6.0000 -0.4000 0.718383
-6.0000 -0.2222 0.684749
-6.0000 -0.0444 0.652430
-6.0000 0.1333 0.621413
-6.0000 0.3111 0.591679
-6.0000 0.4889 0.563202
-6.0000 0.6667 0.535955
-6.0000 0.8444 0.509904
-6.0000 1.0222 0.485017
-6.0000 1.2000 0.461262
-6.0000 1.3778 0.438609
-6.0000 1.5556 0.417032
-6.0000 1.7333 0.396507
-6.0000 1.9111 0.377016
-6.0000 2.0889 0.358542
-6.0000 2.2667 0.341075
-6.0000 2.4444 0.324609
-6.0000 2.6222 0.309141
-6.0000 2.8000 0.294674
-6.0000 2.9778 0.281216
-6.0000 3.1556 0.268779
-6.0000 3.3333 0.257377
-6.0000 3.5111 0.247025
-6.0000 3.6889 0.237741
-6.0000 3.8667 0.229540
-6.0000 4.0444 0.222435
-6.0000 4.2222 0.216441
-6.0000 4.4000 0.211569
-6.0000 4.5778 0.207831
-6.0000 4.7556 0.205238
-6.0000 4.9333 0.203801
-6.0000 5.1111 0.203533
-6.0000 5.2889 0.204445
-6.0000 5.4667 0.206551
-6.0000 5.6444 0.209863
-6.0000 5.8222 0.214394
-6.0000 6.0000 0.220155

-5.8222 -2.0000 1.055370
-5.8222 -1.8222 1.009620
-5.8222 -1.6444 0.965049
-5.8222 -1.4667 0.921696
-5.8222 -1.2889 0.879600
-5.8222 -1.1111 0.838796
-5.8222 -0.9333 0.799316
-5.8222 -0.7556 0.761188
-5.8222 -0.5778 0.724432
-5.8222 -0.4000 0.689065
-5.8222 -0.2222 0.655092
-5.8222 -0.0444 0.622514
-5.8222 0.1333 0.591323
-5.8222 0.3111 0.561502
-5.8222 0.4889 0.533029
-5.8222 0.6667 0.505877
-5.8222 0.8444 0.480011
-5.8222 1.0222 0.455400
-5.8222 1.2000 0.432006
-5.8222 1.3778 0.409798
-5.8222 1.5556 0.388741
-5.8222 1.7333 0.368809
-5.8222 1.9111 0.349975
-5.8222 2.0889 0.332217
-5.8222 2.2667 0.315516
-5.8222 2.4444 0.299861
-5.8222 2.6222 0.285242
-5.8222 2.8000 0.271656
-5.8222 2.9778 0.259106
-5.8222 3.1556 0.247596
-5.8222 3.3333 0.237138
-5.8222 3.5111 0.227741
-5.8222 3.6889 0.219417
-5.8222 3.8667 0.212177
-5.8222 4.0444 0.206031
-5.8222 4.2222 0.200991
-5.8222 4.4000 0.197065
-5.8222 4.5778 0.194264
-5.8222 4.7556 0.192600
-5.8222 4.9333 0.192085
-5.8222 5.1111 0.192730
-5.8222 5.2889 0.194552
-5.8222 5.4667 0.197564
-5.8222 5.6444 0.201781
-5.8222 5.8222 0.207218
-5.8222 6.0000 0.213888

-5.6444 -2.0000 1.033121
-5.6444 -1.8222 0.986581
-5.6444 -1.6444 0.941241
-5.6444 -1.4667 0.897145
-5.6444 -1.2889 0.854339
-5.6444 -1.1111 0.812866
-5.6444 -0.9333 0.772765
-5.6444 -0.7556 0.734071
-5.6444 -0.5778 0.696812
-5.6444 -0.4000 0.661010
-5.6444 -0.2222 0.626679
-5.6444 -0.0444 0.593825
-5.6444 0.1333 0.562444
-5.6444 0.3111 0.532526
-5.6444 0.4889 0.504049
-5.6444 0.6667 0.476989
-5.6444 0.8444 0.451312
-5.6444 1.0222 0.426982
-5.6444 1.2000 0.403962
-5.6444 1.3778 0.382213
-5.6444 1.5556 0.361697
-5.6444 1.7333 0.342379
-5.6444 1.9111 0.324225
-5.6444 2.0889 0.307205
-5.6444 2.2667 0.291294
-5.6444 2.4444 0.276471
-5.6444 2.6222 0.262719
-5.6444 2.8000 0.250030
-5.6444 2.9778 0.238398
-5.6444 3.1556 0.227824
-5.6444 3.3333 0.218311
-5.6444 3.5111 0.209865
-5.6444 3.6889 0.202493
-5.6444 3.8667 0.196202
-5.6444 4.0444 0.190998
-5.6444 4.2222 0.186891
-5.6444 4.4000 0.183888
-5.6444 4.5778 0.182001
-5.6444 4.7556 0.181242
-5.6444 4.9333 0.181623
-5.6444 5.1111 0.183161
-5.6444 5.2889 0.185871
-5.6444 5.4667 0.189772
-5.6444 5.6444 0.194880
-5.6444 5.8222 0.201210
-5.6444 6.0000 0.208778

-5.4667 -2.0000 1.012365
-5.4667 -1.8222 0.965038
-5.4667 -1.6444 0.918925
-5.4667 -1.4667 0.874081
-5.4667 -1.2889 0.830557
-5.4667 -1.1111 0.788404
-5.4667 -0.9333 0.747668
-5.4667 -0.7556 0.708392
-5.4667 -0.5778 0.670613
-5.4667 -0.4000 0.634359
-5.4667 -0.2222 0.599653
-5.4667 -0.0444 0.566507
-5.4667 0.1333 0.534923
-5.4667 0.3111 0.504895
-5.4667 0.4889 0.476407
-5.4667 0.6667 0.449434
-5.4667 0.8444 0.423945
-5.4667 1.0222 0.399902
-5.4667 1.2000 0.377264
-5.4667 1.3778 0.355987
-5.4667 1.5556 0.336026
-5.4667 1.7333 0.317337
-5.4667 1.9111 0.299880
-5.4667 2.0889 0.283615
-5.4667 2.2667 0.268508
-5.4667 2.4444 0.254529
-5.4667 2.6222 0.241655
-5.4667 2.8000 0.229867
-5.4667 2.9778 0.219156
-5.4667 3.1556 0.209514
-5.4667 3.3333 0.200938
-5.4667 3.5111 0.193431
-5.4667 3.6889 0.186993
-5.4667 3.8667 0.181628
-5.4667 4.0444 0.177341
-5.4667 4.2222 0.174139
-5.4667 4.4000 0.172032
-5.4667 4.5778 0.171031
-5.4667 4.7556 0.171149
-5.4667 4.9333 0.172403
-5.4667 5.1111 0.174811
-5.4667 5.2889 0.178392
-5.4667 5.4667 0.183164
-5.4667 5.6444 0.189148
-5.4667 5.8222 0.196361
-5.4667 6.0000 0.204818

-5.2889 -2.0000 0.993203
-5.2889 -1.8222 0.945095
-5.2889 -1.6444 0.898217
-5.2889 -1.4667 0.852626
-5.2889 -1.2889 0.808383
-5.2889 -1.1111 0.765545
-5.2889 -0.9333 0.724167
-5.2889 -0.7556 0.684299
-5.2889 -0.5778 0.645988
-5.2889 -0.4000 0.609269
-5.2889 -0.2222 0.574174
-5.2889 -0.0444 0.540721
-5.2889 0.1333 0.508921
-5.2889 0.3111 0.478772
-5.2889 0.4889 0.450263
-5.2889 0.6667 0.423372
-5.2889 0.8444 0.398068
-5.2889 1.0222 0.374312
-5.2889 1.2000 0.352059
-5.2889 1.3778 0.331259
-5.2889 1.5556 0.311860
-5.2889 1.7333 0.293811
-5.2889 1.9111 0.277058
-5.2889 2.0889 0.261555
-5.2889 2.2667 0.247257
-5.2889 2.4444 0.234124
-5.2889 2.6222 0.222126
-5.2889 2.8000 0.211235
-5.2889 2.9778 0.201434
-5.2889 3.1556 0.192708
-5.2889 3.3333 0.185051
-5.2889 3.5111 0.178458
-5.2889 3.6889 0.172927
-5.2889 3.8667 0.168458
-5.2889 4.0444 0.165056
-5.2889 4.2222 0.162728
-5.2889 4.4000 0.161485
-5.2889 4.5778 0.161339
-5.2889 4.7556 0.162308
-5.2889 4.9333 0.164410
-5.2889 5.1111 0.167666
-5.2889 5.2889 0.172097
-5.2889 5.4667 0.177726
-5.2889 5.6444 0.184574
-5.2889 5.8222 0.192657
-5.2889 6.0000 0.201993

-5.1111 -2.0000 0.975731
-5.1111 -1.8222 0.926862
-5.1111 -1.6444 0.879232
-5.1111 -1.4667 0.832906
-5.1111 -1.2889 0.787951
-5.1111 -1.1111 0.744431
-5.1111 -0.9333 0.702411
-5.1111 -0.7556 0.661949
-5.1111 -0.5778 0.623099
-5.1111 -0.4000 0.585908
-5.1111 -0.2222 0.550413
-5.1111 -0.0444 0.516643
-5.1111 0.1333 0.484614
-5.1111 0.3111 0.454334
-5.1111 0.4889 0.425794
-5.1111 0.6667 0.398976
-5.1111 0.8444 0.373851
-5.1111 1.0222 0.350377
-5.1111 1.2000 0.328506
-5.1111 1.3778 0.308181
-5.1111 1.5556 0.289343
-5.1111 1.7333 0.271930
-5.1111 1.9111 0.255879
-5.1111 2.0889 0.241133
-5.1111 2.2667 0.227637
-5.1111 2.4444 0.215340
-5.1111 2.6222 0.204203
-5.1111 2.8000 0.194191
-5.1111 2.9778 0.185277
-5.1111 3.1556 0.177442
-5.1111 3.3333 0.170672
-5.1111 3.5111 0.164959
-5.1111 3.6889 0.160297
-5.1111 3.8667 0.156688
-5.1111 4.0444 0.154133
-5.1111 4.2222 0.152643
-5.1111 4.4000 0.152229
-5.1111 4.5778 0.152908
-5.1111 4.7556 0.154699
-5.1111 4.9333 0.157624
-5.1111 5.1111 0.161706
-5.1111 5.2889 0.166971
-5.1111 5.4667 0.173441
-5.1111 5.6444 0.181138
-5.1111 5.8222 0.190083
-5.1111 6.0000 0.200288

-4.9333 -2.0000 0.960049
-4.9333 -1.8222 0.910447
-4.9333 -1.6444 0.862091
-4.9333 -1.4667 0.815051
-4.9333 -1.2889 0.769402
-4.9333 -1.1111 0.725214
-4.9333 -0.9333 0.682561
-4.9333 -0.7556 0.641510
-4.9333 -0.5778 0.602123
-4.9333 -0.4000 0.564456
-4.9333 -0.2222 0.528557
-4.9333 -0.0444 0.494462
-4.9333 0.1333 0.462197
-4.9333 0.3111 0.431774
-4.9333 0.4889 0.403192
-4.9333 0.6667 0.376436
-4.9333 0.8444 0.351478
-4.9333 1.0222 0.328274
-4.9333 1.2000 0.306773
-4.9333 1.3778 0.286911
-4.9333 1.5556 0.268621
-4.9333 1.7333 0.251829
-4.9333 1.9111 0.236465
-4.9333 2.0889 0.222457
-4.9333 2.2667 0.209740
-4.9333 2.4444 0.198255
-4.9333 2.6222 0.187950
-4.9333 2.8000 0.178784
-4.9333 2.9778 0.170721
-4.9333 3.1556 0.163736
-4.9333 3.3333 0.157811
-4.9333 3.5111 0.152934
-4.9333 3.6889 0.149099
-4.9333 3.8667 0.146305
-4.9333 4.0444 0.144556
-4.9333 4.2222 0.143865
-4.9333 4.4000 0.144245
-4.9333 4.5778 0.145716
-4.9333 4.7556 0.148300
-4.9333 4.9333 0.152024
-4.9333 5.1111 0.156912
-4.9333 5.2889 0.162991
-4.9333 5.4667 0.170287
-4.9333 5.6444 0.178823
-4.9333 5.8222 0.188616
-4.9333 6.0000 0.199684

-4.7556 -2.0000 0.946253
-4.7556 -1.8222 0.895957
-4.7556 -1.6444 0.846912
-4.7556 -1.4667 0.799193
-4.7556 -1.2889 0.752879
-4.7556 -1.1111 0.708049
-4.7556 -0.9333 0.664784
-4.7556 -0.7556 0.623159
-4.7556 -0.5778 0.583245
-4.7556 -0.4000 0.545110
-4.7556 -0.2222 0.508808
-4.7556 -0.0444 0.474385
-4.7556 0.1333 0.441877
-4.7556 0.3111 0.411301
-4.7556 0.4889 0.382665
-4.7556 0.6667 0.355955
-4.7556 0.8444 0.331145
-4.7556 1.0222 0.308192
-4.7556 1.2000 0.287038
-4.7556 1.3778 0.267615
-4.7556 1.5556 0.249845
-4.7556 1.7333 0.233646
-4.7556 1.9111 0.218935
-4.7556 2.0889 0.205630
-4.7556 2.2667 0.193654
-4.7556 2.4444 0.182939
-4.7556 2.6222 0.173422
-4.7556 2.8000 0.165052
-4.7556 2.9778 0.157790
-4.7556 3.1556 0.151604
-4.7556 3.3333 0.146472
-4.7556 3.5111 0.142379
-4.7556 3.6889 0.139319
-4.7556 3.8667 0.137292
-4.7556 4.0444 0.136304
-4.7556 4.2222 0.136370
-4.7556 4.4000 0.137507
-4.7556 4.5778 0.139737
-4.7556 4.7556 0.143087
-4.7556 4.9333 0.147584
-4.7556 5.1111 0.153257
-4.7556 5.2889 0.160134
-4.7556 5.4667 0.168241
-4.7556 5.6444 0.177602
-4.7556 5.8222 0.188235
-4.7556 6.0000 0.200154

-4.5778 -2.0000 0.934431
-4.5778 -1.8222 0.883497
-4.5778 -1.6444 0.833814
-4.5778 -1.4667 0.785463
-4.5778 -1.2889 0.738528
-4.5778 -1.1111 0.693095
-4.5778 -0.9333 0.649250
-4.5778 -0.7556 0.607079
-4.5778 -0.5778 0.566662
-4.5778 -0.4000 0.528073
-4.5778 -0.2222 0.491377
-4.5778 -0.0444 0.456631
-4.5778 0.1333 0.423876
-4.5778 0.3111 0.393139
-4.5778 0.4889 0.364433
-4.5778 0.6667 0.337750
-4.5778 0.8444 0.313063
-4.5778 1.0222 0.290329
-4.5778 1.2000 0.269487
-4.5778 1.3778 0.250462
-4.5778 1.5556 0.233168
-4.5778 1.7333 0.217514
-4.5778 1.9111 0.203406
-4.5778 2.0889 0.190750
-4.5778 2.2667 0.179459
-4.5778 2.4444 0.169453
-4.5778 2.6222 0.160661
-4.5778 2.8000 0.153026
-4.5778 2.9778 0.146501
-4.5778 3.1556 0.141050
-4.5778 3.3333 0.136648
-4.5778 3.5111 0.133279
-4.5778 3.6889 0.130938
-4.5778 3.8667 0.129626
-4.5778 4.0444 0.129352
-4.5778 4.2222 0.130132
-4.5778 4.4000 0.131987
-4.5778 4.5778 0.134944
-4.5778 4.7556 0.139030
-4.5778 4.9333 0.144276
-4.5778 5.1111 0.150712
-4.5778 5.2889 0.158369
-4.5778 5.4667 0.167274
-4.5778 5.6444 0.177448
-4.5778 5.8222 0.188910
-4.5778 6.0000 0.201673

-4.4000 -2.0000 0.924667
-4.4000 -1.8222 0.873162
-4.4000 -1.6444 0.822907
-4.4000 -1.4667 0.773987
-4.4000 -1.2889 0.726490
-4.4000 -1.1111 0.680508
-4.4000 -0.9333 0.636134
-4.4000 -0.7556 0.593459
-4.4000 -0.5778 0.552572
-4.4000 -0.4000 0.513557
-4.4000 -0.2222 0.476487
-4.4000 -0.0444 0.441427
-4.4000 0.1333 0.408427
-4.4000 0.3111 0.377522
-4.4000 0.4889 0.348729
-4.4000 0.6667 0.322046
-4.4000 0.8444 0.297447
-4.4000 1.0222 0.274889
-4.4000 1.2000 0.254309
-4.4000 1.3778 0.235625
-4.4000 1.5556 0.218745
-4.4000 1.7333 0.203568
-4.4000 1.9111 0.189990
-4.4000 2.0889 0.177909
-4.4000 2.2667 0.167225
-4.4000 2.4444 0.157850
-4.4000 2.6222 0.149705
-4.4000 2.8000 0.142726
-4.4000 2.9778 0.136861
-4.4000 3.1556 0.132070
-4.4000 3.3333 0.128328
-4.4000 3.5111 0.125618
-4.4000 3.6889 0.123934
-4.4000 3.8667 0.123281
-4.4000 4.0444 0.123670
-4.4000 4.2222 0.125120
-4.4000 4.4000 0.127654
-4.4000 4.5778 0.131303
-4.4000 4.7556 0.136096
-4.4000 4.9333 0.142067
-4.4000 5.1111 0.149247
-4.4000 5.2889 0.157667
-4.4000 5.4667 0.167355
-4.4000 5.6444 0.178331
-4.4000 5.8222 0.190613
-4.4000 6.0000 0.204212

-4.2222 -2.0000 0.917034
-4.2222 -1.8222 0.865041
-4.2222 -1.6444 0.814296
-4.2222 -1.4667 0.764887
-4.2222 -1.2889 0.716904
-4.2222 -1.1111 0.670444
-4.2222 -0.9333 0.625606
-4.2222 -0.7556 0.582485
-4.2222 -0.5778 0.541179
-4.2222 -0.4000 0.501778
-4.2222 -0.2222 0.464363
-4.2222 -0.0444 0.429008
-4.2222 0.1333 0.395769
-4.2222 0.3111 0.364689
-4.2222 0.4889 0.335790
-4.2222 0.6667 0.309074
-4.2222 0.8444 0.284518
-4.2222 1.0222 0.262080
-4.2222 1.2000 0.241693
-4.2222 1.3778 0.223274
-4.2222 1.5556 0.206724
-4.2222 1.7333 0.191935
-4.2222 1.9111 0.178795
-4.2222 2.0889 0.167191
-4.2222 2.2667 0.157017
-4.2222 2.4444 0.148175
-4.2222 2.6222 0.140581
-4.2222 2.8000 0.134165
-4.2222 2.9778 0.128870
-4.2222 3.1556 0.124656
-4.2222 3.3333 0.121495
-4.2222 3.5111 0.119371
-4.2222 3.6889 0.118280
-4.2222 3.8667 0.118227
-4.2222 4.0444 0.119226
-4.2222 4.2222 0.121299
-4.2222 4.4000 0.124474
-4.2222 4.5778 0.128780
-4.2222 4.7556 0.134251
-4.2222 4.9333 0.140923
-4.2222 5.1111 0.148827
-4.2222 5.2889 0.157995
-4.2222 5.4667 0.168452
-4.2222 5.6444 0.180221
-4.2222 5.8222 0.193315
-4.2222 6.0000 0.207744

-4.0444 -2.0000 0.911593
-4.0444 -1.8222 0.859211
-4.0444 -1.6444 0.808074
-4.0444 -1.4667 0.758272
-4.0444 -1.2889 0.709898
-4.0444 -1.1111 0.663049
-4.0444 -0.9333 0.617829
-4.0444 -0.7556 0.574339
-4.0444 -0.5778 0.532680
-4.0444 -0.4000 0.492947
-4.0444 -0.2222 0.455230
-4.0444 -0.0444 0.419606
-4.0444 0.1333 0.386140
-4.0444 0.3111 0.354880
-4.0444 0.4889 0.325853
-4.0444 0.6667 0.299064
-4.0444 0.8444 0.274495
-4.0444 1.0222 0.252104
-4.0444 1.2000 0.231826
-4.0444 1.3778 0.213575
-4.0444 1.5556 0.197249
-4.0444 1.7333 0.182736
-4.0444 1.9111 0.169917
-4.0444 2.0889 0.158673
-4.0444 2.2667 0.148890
-4.0444 2.4444 0.140466
-4.0444 2.6222 0.133311
-4.0444 2.8000 0.127351
-4.0444 2.9778 0.122527
-4.0444 3.1556 0.118797
-4.0444 3.3333 0.116132
-4.0444 3.5111 0.114516
-4.0444 3.6889 0.113947
-4.0444 3.8667 0.114432
-4.0444 4.0444 0.115987
-4.0444 4.2222 0.118636
-4.0444 4.4000 0.122409
-4.0444 4.5778 0.127338
-4.0444 4.7556 0.133460
-4.0444 4.9333 0.140809
-4.0444 5.1111 0.149418
-4.0444 5.2889 0.159319
-4.0444 5.4667 0.170535
-4.0444 5.6444 0.183088
-4.0444 5.8222 0.196988
-4.0444 6.0000 0.212244

-3.8667 -2.0000 0.908393
-3.8667 -1.8222 0.855734
-3.8667 -1.6444 0.804321
-3.8667 -1.4667 0.754240
-3.8667 -1.2889 0.705585
-3.8667 -1.1111 0.658456
-3.8667 -0.9333 0.612956
-3.8667 -0.7556 0.569190
-3.8667 -0.5778 0.527260
-3.8667 -0.4000 0.487266
-3.8667 -0.2222 0.449301
-3.8667 -0.0444 0.413446
-3.8667 0.1333 0.379770
-3.8667 0.3111 0.348326
-3.8667 0.4889 0.319145
-3.8667 0.6667 0.292237
-3.8667 0.8444 0.267587
-3.8667 1.0222 0.245158
-3.8667 1.2000 0.224885
-3.8667 1.3778 0.206685
-3.8667 1.5556 0.190457
-3.8667 1.7333 0.176085
-3.8667 1.9111 0.163448
-3.8667 2.0889 0.152424
-3.8667 2.2667 0.142896
-3.8667 2.4444 0.134757
-3.8667 2.6222 0.127914
-3.8667 2.8000 0.122291
-3.8667 2.9778 0.117828
-3.8667 3.1556 0.114479
-3.8667 3.3333 0.112218
-3.8667 3.5111 0.111027
-3.8667 3.6889 0.110906
-3.8667 3.8667 0.111864
-3.8667 4.0444 0.113918
-3.8667 4.2222 0.117094
-3.8667 4.4000 0.121425
-3.8667 4.5778 0.126944
-3.8667 4.7556 0.133688
-3.8667 4.9333 0.141692
-3.8667 5.1111 0.150990
-3.8667 5.2889 0.161611
-3.8667 5.4667 0.173578
-3.8667 5.6444 0.186907
-3.8667 5.8222 0.201610
-3.8667 6.0000 0.217690

-3.6889 -2.0000 0.907468
-3.6889 -1.8222 0.854662
-3.6889 -1.6444 0.803101
-3.6889 -1.4667 0.752870
-3.6889 -1.2889 0.704064
-3.6889 -1.1111 0.656779
-3.6889 -0.9333 0.611119
-3.6889 -0.7556 0.567187
-3.6889 -0.5778 0.525087
-3.6889 -0.4000 0.484916
-3.6889 -0.2222 0.446770
-3.6889 -0.0444 0.410730
-3.6889 0.1333 0.376868
-3.6889 0.3111 0.345238
-3.6889 0.4889 0.315876
-3.6889 0.6667 0.288796
-3.6889 0.8444 0.263988
-3.6889 1.0222 0.241419
-3.6889 1.2000 0.221032
-3.6889 1.3778 0.202748
-3.6889 1.5556 0.186469
-3.6889 1.7333 0.172083
-3.6889 1.9111 0.159470
-3.6889 2.0889 0.148508
-3.6889 2.2667 0.139080
-3.6889 2.4444 0.131078
-3.6889 2.6222 0.124408
-3.6889 2.8000 0.118992
-3.6889 2.9778 0.114769
-3.6889 3.1556 0.111693
-3.6889 3.3333 0.109736
-3.6889 3.5111 0.108883
-3.6889 3.6889 0.109132
-3.6889 3.8667 0.110494
-3.6889 4.0444 0.112989
-3.6889 4.2222 0.116643
-3.6889 4.4000 0.121491
-3.6889 4.5778 0.127566
-3.6889 4.7556 0.134906
-3.6889 4.9333 0.143546
-3.6889 5.1111 0.153518
-3.6889 5.2889 0.164848
-3.6889 5.4667 0.177558
-3.6889 5.6444 0.191661
-3.6889 5.8222 0.207164
-3.6889 6.0000 0.224070

-3.5111 -2.0000 0.908843
-3.5111 -1.8222 0.856029
-3.5111 -1.6444 0.804462
-3.5111 -1.4667 0.754227
-3.5111 -1.2889 0.705412
-3.5111 -1.1111 0.658113
-3.5111 -0.9333 0.612428
-3.5111 -0.7556 0.568457
-3.5111 -0.5778 0.526299
-3.5111 -0.4000 0.486049
-3.5111 -0.2222 0.447799
-3.5111 -0.0444 0.411630
-3.5111 0.1333 0.377610
-3.5111 0.3111 0.345795
-3.5111 0.4889 0.316223
-3.5111 0.6667 0.288912
-3.5111 0.8444 0.263860
-3.5111 1.0222 0.241042
-3.5111 1.2000 0.220408
-3.5111 1.3778 0.201889
-3.5111 1.5556 0.185395
-3.5111 1.7333 0.170824
-3.5111 1.9111 0.158060
-3.5111 2.0889 0.146987
-3.5111 2.2667 0.137490
-3.5111 2.4444 0.129463
-3.5111 2.6222 0.122814
-3.5111 2.8000 0.117464
-3.5111 2.9778 0.113352
-3.5111 3.1556 0.110432
-3.5111 3.3333 0.108675
-3.5111 3.5111 0.108066
-3.5111 3.6889 0.108604
-3.5111 3.8667 0.110301
-3.5111 4.0444 0.113177
-3.5111 4.2222 0.117260
-3.5111 4.4000 0.122584
-3.5111 4.5778 0.129184
-3.5111 4.7556 0.137096
-3.5111 4.9333 0.146353
-3.5111 5.1111 0.156985
-3.5111 5.2889 0.169016
-3.5111 5.4667 0.182464
-3.5111 5.6444 0.197338
-3.5111 5.8222 0.213643
-3.5111 6.0000 0.231376

-3.3333 -2.0000 0.912533
-3.3333 -1.8222 0.859858
-3.3333 -1.6444 0.808439
-3.3333 -1.4667 0.758353
-3.3333 -1.2889 0.709685
-3.3333 -1.1111 0.662524
-3.3333 -0.9333 0.616961
-3.3333 -0.7556 0.573088
-3.3333 -0.5778 0.530997
-3.3333 -0.4000 0.490777
-3.3333 -0.2222 0.452509
-3.3333 -0.0444 0.416270
-3.3333 0.1333 0.382126
-3.3333 0.3111 0.350128
-3.3333 0.4889 0.320317
-3.3333 0.6667 0.292717
-3.3333 0.8444 0.267330
-3.3333 1.0222 0.244144
-3.3333 1.2000 0.223122
-3.3333 1.3778 0.204207
-3.3333 1.5556 0.187326
-3.3333 1.7333 0.172386
-3.3333 1.9111 0.159285
-3.3333 2.0889 0.147915
-3.3333 2.2667 0.138169
-3.3333 2.4444 0.129947
-3.3333 2.6222 0.123158
-3.3333 2.8000 0.117725
-3.3333 2.9778 0.113587
-3.3333 3.1556 0.110699
-3.3333 3.3333 0.109031
-3.3333 3.5111 0.108570
-3.3333 3.6889 0.109313
-3.3333 3.8667 0.111273
-3.3333 4.0444 0.114470
-3.3333 4.2222 0.118933
-3.3333 4.4000 0.124695
-3.3333 4.5778 0.131788
-3.3333 4.7556 0.140249
-3.3333 4.9333 0.150106
-3.3333 5.1111 0.161387
-3.3333 5.2889 0.174113
-3.3333 5.4667 0.188295
-3.3333 5.6444 0.203940
-3.3333 5.8222 0.221048
-3.3333 6.0000 0.239612

-3.1556 -2.0000 0.918544
-3.1556 -1.8222 0.866162
-3.1556 -1.6444 0.815049
-3.1556 -1.4667 0.765275
-3.1556 -1.2889 0.716915
-3.1556 -1.1111 0.670051
-3.1556 -0.9333 0.624763
-3.1556 -0.7556 0.581132
-3.1556 -0.5778 0.539238
-3.1556 -0.4000 0.499158
-3.1556 -0.2222 0.460963
-3.1556 -0.0444 0.424719
-3.1556 0.1333 0.390485
-3.1556 0.3111 0.358309
-3.1556 0.4889 0.328233
-3.1556 0.6667 0.300282
-3.1556 0.8444 0.274472
-3.1556 1.0222 0.250801
-3.1556 1.2000 0.229248
-3.1556 1.3778 0.209776
-3.1556 1.5556 0.192329
-3.1556 1.7333 0.176834
-3.1556 1.9111 0.163205
-3.1556 2.0889 0.151348
-3.1556 2.2667 0.141167
-3.1556 2.4444 0.132571
-3.1556 2.6222 0.125473
-3.1556 2.8000 0.119801
-3.1556 2.9778 0.115495
-3.1556 3.1556 0.112511
-3.1556 3.3333 0.110819
-3.1556 3.5111 0.110404
-3.1556 3.6889 0.111267
-3.1556 3.8667 0.113417
-3.1556 4.0444 0.116875
-3.1556 4.2222 0.121668
-3.1556 4.4000 0.127828
-3.1556 4.5778 0.135385
-3.1556 4.7556 0.144371
-3.1556 4.9333 0.154814
-3.1556 5.1111 0.166734
-3.1556 5.2889 0.180147
-3.1556 5.4667 0.195062
-3.1556 5.6444 0.211480
-3.1556 5.8222 0.229394
-3.1556 6.0000 0.248792

-2.9778 -2.0000 0.926884
-2.9778 -1.8222 0.874949
-2.9778 -1.6444 0.824301
-2.9778 -1.4667 0.774999
-2.9778 -1.2889 0.727110
-2.9778 -1.1111 0.680702
-2.9778 -0.9333 0.635840
-2.9778 -0.7556 0.592593
-2.9778 -0.5778 0.551024
-2.9778 -0.4000 0.511194
-2.9778 -0.2222 0.473159
-2.9778 -0.0444 0.436973
-2.9778 0.1333 0.402685
-2.9778 0.3111 0.370338
-2.9778 0.4889 0.339971
-2.9778 0.6667 0.311618
-2.9778 0.8444 0.285301
-2.9778 1.0222 0.261034
-2.9778 1.2000 0.238816
-2.9778 1.3778 0.218632
-2.9778 1.5556 0.200448
-2.9778 1.7333 0.184215
-2.9778 1.9111 0.169869
-2.9778 2.0889 0.157335
-2.9778 2.2667 0.146533
-2.9778 2.4444 0.137381
-2.9778 2.6222 0.129804
-2.9778 2.8000 0.123734
-2.9778 2.9778 0.119115
-2.9778 3.1556 0.115902
-2.9778 3.3333 0.114069
-2.9778 3.5111 0.113599
-2.9778 3.6889 0.114492
-2.9778 3.8667 0.116758
-2.9778 4.0444 0.120416
-2.9778 4.2222 0.125490
-2.9778 4.4000 0.132008
-2.9778 4.5778 0.140000
-2.9778 4.7556 0.149490
-2.9778 4.9333 0.160502
-2.9778 5.1111 0.173052
-2.9778 5.2889 0.187148
-2.9778 5.4667 0.202793
-2.9778 5.6444 0.219983
-2.9778 5.8222 0.238706
-2.9778 6.0000 0.258943

-2.8000 -2.0000 0.937557
-2.8000 -1.8222 0.886220
-2.8000 -1.6444 0.836190
-2.8000 -1.4667 0.787517
-2.8000 -1.2889 0.740253
-2.8000 -1.1111 0.694451
-2.8000 -0.9333 0.650159
-2.8000 -0.7556 0.607428
-2.8000 -0.5778 0.566300
-2.8000 -0.4000 0.526819
-2.8000 -0.2222 0.489024
-2.8000 -0.0444 0.452953
-2.8000 0.1333 0.418643
-2.8000 0.3111 0.386132
-2.8000 0.4889 0.355458
-2.8000 0.6667 0.326657
-2.8000 0.8444 0.299763
-2.8000 1.0222 0.274805
-2.8000 1.2000 0.251804
-2.8000 1.3778 0.230769
-2.8000 1.5556 0.211693
-2.8000 1.7333 0.194554
-2.8000 1.9111 0.179314
-2.8000 2.0889 0.165922
-2.8000 2.2667 0.154318
-2.8000 2.4444 0.144435
-2.8000 2.6222 0.136210
-2.8000 2.8000 0.129583
-2.8000 2.9778 0.124503
-2.8000 3.1556 0.120930
-2.8000 3.3333 0.118836
-2.8000 3.5111 0.118208
-2.8000 3.6889 0.119043
-2.8000 3.8667 0.121349
-2.8000 4.0444 0.125144
-2.8000 4.2222 0.130448
-2.8000 4.4000 0.137286
-2.8000 4.5778 0.145681
-2.8000 4.7556 0.155653
-2.8000 4.9333 0.167218
-2.8000 5.1111 0.180386
-2.8000 5.2889 0.195158
-2.8000 5.4667 0.211531
-2.8000 5.6444 0.229493
-2.8000 5.8222 0.249025
-2.8000 6.0000 0.270103

-2.6222 -2.0000 0.950572
-2.6222 -1.8222 0.899972
-2.6222 -1.6444 0.850704
-2.6222 -1.4667 0.802802
-2.6222 -1.2889 0.756303
-2.6222 -1.1111 0.711239
-2.6222 -0.9333 0.667641
-2.6222 -0.7556 0.625537
-2.6222 -0.5778 0.584949
-2.6222 -0.4000 0.545899
-2.6222 -0.2222 0.508409
-2.6222 -0.0444 0.472499
-2.6222 0.1333 0.438196
-2.6222 0.3111 0.405530
-2.6222 0.4889 0.374536
-2.6222 0.6667 0.345255
-2.6222 0.8444 0.317732
-2.6222 1.0222 0.292011
-2.6222 1.2000 0.268135
-2.6222 1.3778 0.246136
-2.6222 1.5556 0.226038
-2.6222 1.7333 0.207849
-2.6222 1.9111 0.191560
-2.6222 2.0889 0.177147
-2.6222 2.2667 0.164573
-2.6222 2.4444 0.153793
-2.6222 2.6222 0.144758
-2.6222 2.8000 0.137421
-2.6222 2.9778 0.131737
-2.6222 3.1556 0.127672
-2.6222 3.3333 0.125201
-2.6222 3.5111 0.124310
-2.6222 3.6889 0.124996
-2.6222 3.8667 0.127266
-2.6222 4.0444 0.131134
-2.6222 4.2222 0.136617
-2.6222 4.4000 0.143733
-2.6222 4.5778 0.152498
-2.6222 4.7556 0.162928
-2.6222 4.9333 0.175028
-2.6222 5.1111 0.188801
-2.6222 5.2889 0.204241
-2.6222 5.4667 0.221336
-2.6222 5.6444 0.240067
-2.6222 5.8222 0.260406
-2.6222 6.0000 0.282322

-2.4444 -2.0000 0.965936
-2.4444 -1.8222 0.916200
-2.4444 -1.6444 0.867819
-2.4444 -1.4667 0.820810
-2.4444 -1.2889 0.775191
-2.4444 -1.1111 0.730973
-2.4444 -0.9333 0.688166
-2.4444 -0.7556 0.646773
-2.4444 -0.5778 0.606796
-2.4444 -0.4000 0.568235
-2.4444 -0.2222 0.531094
-2.4444 -0.0444 0.495378
-2.4444 0.1333 0.461102
-2.4444 0.3111 0.428289
-2.4444 0.4889 0.396972
-2.4444 0.6667 0.367197
-2.4444 0.8444 0.339015
-2.4444 1.0222 0.312487
-2.4444 1.2000 0.287673
-2.4444 1.3778 0.264634
-2.4444 1.5556 0.243419
-2.4444 1.7333 0.224068
-2.4444 1.9111 0.206603
-2.4444 2.0889 0.191032
-2.4444 2.2667 0.177345
-2.4444 2.4444 0.165520
-2.4444 2.6222 0.155529
-2.4444 2.8000 0.147338
-2.4444 2.9778 0.140915
-2.4444 3.1556 0.136231
-2.4444 3.3333 0.133267
-2.4444 3.5111 0.132010
-2.4444 3.6889 0.132458
-2.4444 3.8667 0.134615
-2.4444 4.0444 0.138491
-2.4444 4.2222 0.144098
-2.4444 4.4000 0.151448
-2.4444 4.5778 0.160549
-2.4444 4.7556 0.171407
-2.4444 4.9333 0.184021
-2.4444 5.1111 0.198383
-2.4444 5.2889 0.214479
-2.4444 5.4667 0.232286
-2.4444 5.6444 0.251778
-2.4444 5.8222 0.272917
-2.4444 6.0000 0.295664

-2.2667 -2.0000 0.983657
-2.2667 -1.8222 0.934890
-2.2667 -1.6444 0.887497
-2.2667 -1.4667 0.841475
-2.2667 -1.2889 0.796821
-2.2667 -1.1111 0.753524
-2.2667 -0.9333 0.711569
-2.2667 -0.7556 0.670938
-2.2667 -0.5778 0.631611
-2.2667 -0.4000 0.593570
-2.2667 -0.2222 0.556800
-2.2667 -0.0444 0.521294
-2.2667 0.1333 0.487057
-2.2667 0.3111 0.454106
-2.2667 0.4889 0.422472
-2.2667 0.6667 0.392202
-2.2667 0.8444 0.363357
-2.2667 1.0222 0.336008
-2.2667 1.2000 0.310233
-2.2667 1.3778 0.286113
-2.2667 1.5556 0.263727
-2.2667 1.7333 0.243143
-2.2667 1.9111 0.224416
-2.2667 2.0889 0.207584
-2.2667 2.2667 0.192669
-2.2667 2.4444 0.179678
-2.2667 2.6222 0.168604
-2.2667 2.8000 0.159433
-2.2667 2.9778 0.152145
-2.2667 3.1556 0.146725
-2.2667 3.3333 0.143158
-2.2667 3.5111 0.141436
-2.2667 3.6889 0.141557
-2.2667 3.8667 0.143523
-2.2667 4.0444 0.147341
-2.2667 4.2222 0.153016
-2.2667 4.4000 0.160553
-2.2667 4.5778 0.169951
-2.2667 4.7556 0.181206
-2.2667 4.9333 0.194308
-2.2667 5.1111 0.209237
-2.2667 5.2889 0.225971
-2.2667 5.4667 0.244476
-2.2667 5.6444 0.264714
-2.2667 5.8222 0.286641
-2.2667 6.0000 0.310204

-2.0889 -2.0000 1.003733
-2.0889 -1.8222 0.956015
-2.0889 -1.6444 0.909680
-2.0889 -1.4667 0.864707
-2.0889 -1.2889 0.821067
-2.0889 -1.1111 0.778727
-2.0889 -0.9333 0.737649
-2.0889 -0.7556 0.697795
-2.0889 -0.5778 0.659125
-2.0889 -0.4000 0.621604
-2.0889 -0.2222 0.585204
-2.0889 -0.0444 0.549909
-2.0889 0.1333 0.515714
-2.0889 0.3111 0.482633
-2.0889 0.4889 0.450695
-2.0889 0.6667 0.419949
-2.0889 0.8444 0.390459
-2.0889 1.0222 0.362305
-2.0889 1.2000 0.335580
-2.0889 1.3778 0.310383
-2.0889 1.5556 0.286815
-2.0889 1.7333 0.264970
-2.0889 1.9111 0.244935
-2.0889 2.0889 0.226781
-2.0889 2.2667 0.210562
-2.0889 2.4444 0.196314
-2.0889 2.6222 0.184057
-2.0889 2.8000 0.173800
-2.0889 2.9778 0.165542
-2.0889 3.1556 0.159281
-2.0889 3.3333 0.155011
-2.0889 3.5111 0.152730
-2.0889 3.6889 0.152440
-2.0889 3.8667 0.154140
-2.0889 4.0444 0.157833
-2.0889 4.2222 0.163518
-2.0889 4.4000 0.171191
-2.0889 4.5778 0.180844
-2.0889 4.7556 0.192459
-2.0889 4.9333 0.206017
-2.0889 5.1111 0.221488
-2.0889 5.2889 0.238834
-2.0889 5.4667 0.258015
-2.0889 5.6444 0.278979
-2.0889 5.8222 0.301672
-2.0889 6.0000 0.326031

-1.9111 -2.0000 1.026150
-1.9111 -1.8222 0.979528
-1.9111 -1.6444 0.934289
-1.9111 -1.4667 0.890388
-1.9111 -1.2889 0.847772
-1.9111 -1.1111 0.806387
-1.9111 -0.9333 0.766173
-1.9111 -0.7556 0.727075
-1.9111 -0.5778 0.689037
-1.9111 -0.4000 0.652011
-1.9111 -0.2222 0.615961
-1.9111 -0.0444 0.580862
-1.9111 0.1333 0.546707
-1.9111 0.3111 0.513504
-1.9111 0.4889 0.481282
-1.9111 0.6667 0.450090
-1.9111 0.8444 0.419995
-1.9111 1.0222 0.391081
-1.9111 1.2000 0.363451
-1.9111 1.3778 0.337216
-1.9111 1.5556 0.312495
-1.9111 1.7333 0.289407
-1.9111 1.9111 0.268065
-1.9111 2.0889 0.248571
-1.9111 2.2667 0.231010
-1.9111 2.4444 0.215452
-1.9111 2.6222 0.201946
-1.9111 2.8000 0.190525
-1.9111 2.9778 0.181214
-1.9111 3.1556 0.174024
-1.9111 3.3333 0.168966
-1.9111 3.5111 0.166044
-1.9111 3.6889 0.165264
-1.9111 3.8667 0.166627
-1.9111 4.0444 0.170130
-1.9111 4.2222 0.175767
-1.9111 4.4000 0.183524
-1.9111 4.5778 0.193384
-1.9111 4.7556 0.205320
-1.9111 4.9333 0.219296
-1.9111 5.1111 0.235274
-1.9111 5.2889 0.253203
-1.9111 5.4667 0.273028
-1.9111 5.6444 0.294689
-1.9111 5.8222 0.318117
-1.9111 6.0000 0.343241

-1.7333 -2.0000 1.050871
-1.7333 -1.8222 1.005358
-1.7333 -1.6444 0.961214
-1.7333 -1.4667 0.918370
-1.7333 -1.2889 0.876750
-1.7333 -1.1111 0.836280
-1.7333 -0.9333 0.796884
-1.7333 -0.7556 0.758490
-1.7333 -0.5778 0.721033
-1.7333 -0.4000 0.684458
-1.7333 -0.2222 0.648722
-1.7333 -0.0444 0.613798
-1.7333 0.1333 0.579673
-1.7333 0.3111 0.546358
-1.7333 0.4889 0.513878
-1.7333 0.6667 0.482281
-1.7333 0.8444 0.451634
-1.7333 1.0222 0.422026
-1.7333 1.2000 0.393561
-1.7333 1.3778 0.366359
-1.7333 1.5556 0.340552
-1.7333 1.7333 0.316278
-1.7333 1.9111 0.293671
-1.7333 2.0889 0.272861
-1.7333 2.2667 0.253966
-1.7333 2.4444 0.237085
-1.7333 2.6222 0.222299
-1.7333 2.8000 0.209671
-1.7333 2.9778 0.199250
-1.7333 3.1556 0.191070
-1.7333 3.3333 0.185156
-1.7333 3.5111 0.181526
-1.7333 3.6889 0.180190
-1.7333 3.8667 0.181150
-1.7333 4.0444 0.184402
-1.7333 4.2222 0.189934
-1.7333 4.4000 0.197724
-1.7333 4.5778 0.207742
-1.7333 4.7556 0.219951
-1.7333 4.9333 0.234305
-1.7333 5.1111 0.250748
-1.7333 5.2889 0.269220
-1.7333 5.4667 0.289652
-1.7333 5.6444 0.311970
-1.7333 5.8222 0.336094
-1.7333 6.0000 0.361942

-1.5556 -2.0000 1.077830
-1.5556 -1.8222 1.033402
-1.5556 -1.6444 0.990316
-1.5556 -1.4667 0.948477
-1.5556 -1.2889 0.907791
-1.5556 -1.1111 0.868166
-1.5556 -0.9333 0.829512
-1.5556 -0.7556 0.791750
-1.5556 -0.5778 0.754807
-1.5556 -0.4000 0.718624
-1.5556 -0.2222 0.683158
-1.5556 -0.0444 0.648379
-1.5556 0.1333 0.614276
-1.5556 0.3111 0.580857
-1.5556 0.4889 0.548148
-1.5556 0.6667 0.516193
-1.5556 0.8444 0.485060
-1.5556 1.0222 0.454835
-1.5556 1.2000 0.425623
-1.5556 1.3778 0.397549
-1.5556 1.5556 0.370750
-1.5556 1.7333 0.345378
-1.5556 1.9111 0.321585
-1.5556 2.0889 0.299525
-1.5556 2.2667 0.279342
-1.5556 2.4444 0.261166
-1.5556 2.6222 0.245110
-1.5556 2.8000 0.231268
-1.5556 2.9778 0.219715
-1.5556 3.1556 0.210510
-1.5556 3.3333 0.203699
-1.5556 3.5111 0.199312
-1.5556 3.6889 0.197368
-1.5556 3.8667 0.197873
-1.5556 4.0444 0.200821
-1.5556 4.2222 0.206195
-1.5556 4.4000 0.213966
-1.5556 4.5778 0.224093
-1.5556 4.7556 0.236527
-1.5556 4.9333 0.251209
-1.5556 5.1111 0.268072
-1.5556 5.2889 0.287039
-1.5556 5.4667 0.308029
-1.5556 5.6444 0.330955
-1.5556 5.8222 0.355725
-1.5556 6.0000 0.382245

-1.3778 -2.0000 1.106931
-1.3778 -1.8222 1.063531
-1.3778 -1.6444 1.021429
-1.3778 -1.4667 0.980511
-1.3778 -1.2889 0.940668
-1.3778 -1.1111 0.901792
-1.3778 -0.9333 0.863789
-1.3778 -0.7556 0.826571
-1.3778 -0.5778 0.790065
-1.3778 -0.4000 0.754212
-1.3778 -0.2222 0.718968
-1.3778 -0.0444 0.684306
-1.3778 0.1333 0.650216
-1.3778 0.3111 0.616704
-1.3778 0.4889 0.583795
-1.3778 0.6667 0.551533
-1.3778 0.8444 0.519981
-1.3778 1.0222 0.489222
-1.3778 1.2000 0.459361
-1.3778 1.3778 0.430521
-1.3778 1.5556 0.402844
-1.3778 1.7333 0.376487
-1.3778 1.9111 0.351616
-1.3778 2.0889 0.328403
-1.3778 2.2667 0.307016
-1.3778 2.4444 0.287612
-1.3778 2.6222 0.270334
-1.3778 2.8000 0.255308
-1.3778 2.9778 0.242636
-1.3778 3.1556 0.232407
-1.3778 3.3333 0.224684
-1.3778 3.5111 0.219516
-1.3778 3.6889 0.216933
-1.3778 3.8667 0.216945
-1.3778 4.0444 0.219548
-1.3778 4.2222 0.224719
-1.3778 4.4000 0.232423
-1.3778 4.5778 0.242611
-1.3778 4.7556 0.255220
-1.3778 4.9333 0.270179
-1.3778 5.1111 0.287407
-1.3778 5.2889 0.306814
-1.3778 5.4667 0.328306
-1.3778 5.6444 0.351782
-1.3778 5.8222 0.377137
-1.3778 6.0000 0.404267

-1.2000 -2.0000 1.138051
-1.2000 -1.8222 1.095584
-1.2000 -1.6444 1.054365
-1.2000 -1.4667 1.014260
-1.2000 -1.2889 0.975148
-1.2000 -1.1111 0.936915
-1.2000 -0.9333 0.899459
-1.2000 -0.7556 0.862694
-1.2000 -0.5778 0.826546
-1.2000 -0.4000 0.790960
-1.2000 -0.2222 0.755894
-1.2000 -0.0444 0.721322
-1.2000 0.1333 0.687236
-1.2000 0.3111 0.653642
-1.2000 0.4889 0.620564
-1.2000 0.6667 0.588044
-1.2000 0.8444 0.556140
-1.2000 1.0222 0.524933
-1.2000 1.2000 0.494522
-1.2000 1.3778 0.465028
-1.2000 1.5556 0.436594
-1.2000 1.7333 0.409379
-1.2000 1.9111 0.383557
-1.2000 2.0889 0.359314
-1.2000 2.2667 0.336836
-1.2000 2.4444 0.316305
-1.2000 2.6222 0.297890
-1.2000 2.8000 0.281747
-1.2000 2.9778 0.268007
-1.2000 3.1556 0.256785
-1.2000 3.3333 0.248169
-1.2000 3.5111 0.242225
-1.2000 3.6889 0.238994
-1.2000 3.8667 0.238495
-1.2000 4.0444 0.240725
-1.2000 4.2222 0.245660
-1.2000 4.4000 0.253258
-1.2000 4.5778 0.263460
-1.2000 4.7556 0.276194
-1.2000 4.9333 0.291377
-1.2000 5.1111 0.308912
-1.2000 5.2889 0.328699
-1.2000 5.4667 0.350628
-1.2000 5.6444 0.374586
-1.2000 5.8222 0.400458
-1.2000 6.0000 0.428127

-1.0222 -2.0000 1.171040
-1.0222 -1.8222 1.129388
-1.0222 -1.6444 1.088926
-1.0222 -1.4667 1.049510
-1.0222 -1.2889 1.011008
-1.0222 -1.1111 0.973302
-1.0222 -0.9333 0.936291
-1.0222 -0.7556 0.899888
-1.0222 -0.5778 0.864025
-1.0222 -0.4000 0.828648
-1.0222 -0.2222 0.793718
-1.0222 -0.0444 0.759214
-1.0222 0.1333 0.725126
-1.0222 0.3111 0.691462
-1.0222 0.4889 0.658244
-1.0222 0.6667 0.625511
-1.0222 0.8444 0.593318
-1.0222 1.0222 0.561743
-1.0222 1.2000 0.530878
-1.0222 1.3778 0.500842
-1.0222 1.5556 0.471774
-1.0222 1.7333 0.443834
-1.0222 1.9111 0.417200
-1.0222 2.0889 0.392066
-1.0222 2.2667 0.368633
-1.0222 2.4444 0.347102
-1.0222 2.6222 0.327666
-1.0222 2.8000 0.310506
-1.0222 2.9778 0.295784
-1.0222 3.1556 0.283636
-1.0222 3.3333 0.274177
-1.0222 3.5111 0.267490
-1.0222 3.6889 0.263630
-1.0222 3.8667 0.262625
-1.0222 4.0444 0.264473
-1.0222 4.2222 0.269152
-1.0222 4.4000 0.276613
-1.0222 4.5778 0.286790
-1.0222 4.7556 0.299603
-1.0222 4.9333 0.314954
-1.0222 5.1111 0.332737
-1.0222 5.2889 0.352836
-1.0222 5.4667 0.375131
-1.0222 5.6444 0.399497
-1.0222 5.8222 0.425807
-1.0222 6.0000 0.453936

-0.8444 -2.0000 1.205735
-0.8444 -1.8222 1.164757
-0.8444 -1.6444 1.124915
-0.8444 -1.4667 1.086054
-0.8444 -1.2889 1.048038
-0.8444 -1.1111 1.010748
-0.8444 -0.9333 0.974083
-0.8444 -0.7556 0.937960
-0.8444 -0.5778 0.902314
-0.8444 -0.4000 0.867095
-0.8444 -0.2222 0.832266
-0.8444 -0.0444 0.797809
-0.8444 0.1333 0.763715
-0.8444 0.3111 0.729992
-0.8444 0.4889 0.696660
-0.8444 0.6667 0.663757
-0.8444 0.8444 0.631335
-0.8444 1.0222 0.599465
-0.8444 1.2000 0.568238
-0.8444 1.3778 0.537765
-0.8444 1.5556 0.508183
-0.8444 1.7333 0.479649
-0.8444 1.9111 0.452345
-0.8444 2.0889 0.426469
-0.8444 2.2667 0.402230
-0.8444 2.4444 0.379846
-0.8444 2.6222 0.359530
-0.8444 2.8000 0.341483
-0.8444 2.9778 0.325892
-0.8444 3.1556 0.312919
-0.8444 3.3333 0.302698
-0.8444 3.5111 0.295331
-0.8444 3.6889 0.290887
-0.8444 3.8667 0.289403
-0.8444 4.0444 0.290882
-0.8444 4.2222 0.295299
-0.8444 4.4000 0.302606
-0.8444 4.5778 0.312728
-0.8444 4.7556 0.325576
-0.8444 4.9333 0.341043
-0.8444 5.1111 0.359012
-0.8444 5.2889 0.379355
-0.8444 5.4667 0.401941
-0.8444 5.6444 0.426634
-0.8444 5.8222 0.453299
-0.8444 6.0000 0.481801

-0.6667 -2.0000 1.241967
-0.6667 -1.8222 1.201513
-0.6667 -1.6444 1.162146
-0.6667 -1.4667 1.123707
-0.6667 -1.2889 1.086057
-0.6667 -1.1111 1.049076
-0.6667 -0.9333 1.012668
-0.6667 -0.7556 0.976750
-0.6667 -0.5778 0.941262
-0.6667 -0.4000 0.906155
-0.6667 -0.2222 0.871398
-0.6667 -0.0444 0.836972
-0.6667 0.1333 0.802869
-0.6667 0.3111 0.769098
-0.6667 0.4889 0.735678
-0.6667 0.6667 0.702643
-0.6667 0.8444 0.670044
-0.6667 1.0222 0.637947
-0.6667 1.2000 0.606439
-0.6667 1.3778 0.575627
-0.6667 1.5556 0.545645
-0.6667 1.7333 0.516646
-0.6667 1.9111 0.488812
-0.6667 2.0889 0.462343
-0.6667 2.2667 0.437457
-0.6667 2.4444 0.414379
-0.6667 2.6222 0.393338
-0.6667 2.8000 0.374556
-0.6667 2.9778 0.358237
-0.6667 3.1556 0.344564
-0.6667 3.3333 0.333691
-0.6667 3.5111 0.325736
-0.6667 3.6889 0.320780
-0.6667 3.8667 0.318868
-0.6667 4.0444 0.320008
-0.6667 4.2222 0.324179
-0.6667 4.4000 0.331325
-0.6667 4.5778 0.341372
-0.6667 4.7556 0.354219
-0.6667 4.9333 0.369754
-0.6667 5.1111 0.387848
-0.6667 5.2889 0.408365
-0.6667 5.4667 0.431163
-0.6667 5.6444 0.456100
-0.6667 5.8222 0.483031
-0.6667 6.0000 0.511814

-0.4889 -2.0000 1.279578
-0.4889 -1.8222 1.239492
-0.4889 -1.6444 1.200457
-0.4889 -1.4667 1.162310
-0.4889 -1.2889 1.124912
-0.4889 -1.1111 1.088144
-0.4889 -0.9333 1.051910
-0.4889 -0.7556 1.016132
-0.4889 -0.5778 0.980750
-0.4889 -0.4000 0.945719
-0.4889 -0.2222 0.911008
-0.4889 -0.0444 0.876599
-0.4889 0.1333 0.842487
-0.4889 0.3111 0.808677
-0.4889 0.4889 0.775191
-0.4889 0.6667 0.742059
-0.4889 0.8444 0.709329
-0.4889 1.0222 0.677066
-0.4889 1.2000 0.645352
-0.4889 1.3778 0.614292
-0.4889 1.5556 0.584014
-0.4889 1.7333 0.554672
-0.4889 1.9111 0.526444
-0.4889 2.0889 0.499531
-0.4889 2.2667 0.474155
-0.4889 2.4444 0.450549
-0.4889 2.6222 0.428953
-0.4889 2.8000 0.409600
-0.4889 2.9778 0.392712
-0.4889 3.1556 0.378488
-0.4889 3.3333 0.367095
-0.4889 3.5111 0.358666
-0.4889 3.6889 0.353291
-0.4889 3.8667 0.351025
-0.4889 4.0444 0.351879
-0.4889 4.2222 0.355831
-0.4889 4.4000 0.362828
-0.4889 4.5778 0.372789
-0.4889 4.7556 0.385609
-0.4889 4.9333 0.401167
-0.4889 5.1111 0.419329
-0.4889 5.2889 0.439951
-0.4889 5.4667 0.462885
-0.4889 5.6444 0.487979
-0.4889 5.8222 0.515085
-0.4889 6.0000 0.544055

-0.3111 -2.0000 1.318427
-0.3111 -1.8222 1.278552
-0.3111 -1.6444 1.239710
-0.3111 -1.4667 1.201734
-0.3111 -1.2889 1.164483
-0.3111 -1.1111 1.127839
-0.3111 -0.9333 1.091707
-0.3111 -0.7556 1.056010
-0.3111 -0.5778 1.020689
-0.3111 -0.4000 0.985700
-0.3111 -0.2222 0.951014
-0.3111 -0.0444 0.916612
-0.3111 0.1333 0.882489
-0.3111 0.3111 0.848652
-0.3111 0.4889 0.815118
-0.3111 0.6667 0.781920
-0.3111 0.8444 0.749102
-0.3111 1.0222 0.716727
-0.3111 1.2000 0.684876
-0.3111 1.3778 0.653650
-0.3111 1.5556 0.623175
-0.3111 1.7333 0.593602
-0.3111 1.9111 0.565109
-0.3111 2.0889 0.537896
-0.3111 2.2667 0.512187
-0.3111 2.4444 0.488221
-0.3111 2.6222 0.466241
-0.3111 2.8000 0.446493
-0.3111 2.9778 0.429208
-0.3111 3.1556 0.414595
-0.3111 3.3333 0.402832
-0.3111 3.5111 0.394061
-0.3111 3.6889 0.388381
-0.3111 3.8667 0.385851
-0.3111 4.0444 0.386486
-0.3111 4.2222 0.390266
-0.3111 4.4000 0.397136
-0.3111 4.5778 0.407012
-0.3111 4.7556 0.419786
-0.3111 4.9333 0.435333
-0.3111 5.1111 0.453511
-0.3111 5.2889 0.474174
-0.3111 5.4667 0.497166
-0.3111 5.6444 0.522334
-0.3111 5.8222 0.549525
-0.3111 6.0000 0.578587

-0.1333 -2.0000 1.358397
-0.1333 -1.8222 1.318583
-0.1333 -1.6444 1.279799
-0.1333 -1.4667 1.241879
-0.1333 -1.2889 1.204678
-0.1333 -1.1111 1.168078
-0.1333 -0.9333 1.131982
-0.1333 -0.7556 1.096314
-0.1333 -0.5778 1.061014
-0.1333 -0.4000 1.026039
-0.1333 -0.2222 0.991358
-0.1333 -0.0444 0.956954
-0.1333 0.1333 0.922821
-0.1333 0.3111 0.888964
-0.1333 0.4889 0.855402
-0.1333 0.6667 0.822165
-0.1333 0.8444 0.789298
-0.1333 1.0222 0.756861
-0.1333 1.2000 0.724934
-0.1333 1.3778 0.693618
-0.1333 1.5556 0.663037
-0.1333 1.7333 0.633340
-0.1333 1.9111 0.604704
-0.1333 2.0889 0.577331
-0.1333 2.2667 0.551443
-0.1333 2.4444 0.527280
-0.1333 2.6222 0.505092
-0.1333 2.8000 0.485127
-0.1333 2.9778 0.467621
-0.1333 3.1556 0.452790
-0.1333 3.3333 0.440818
-0.1333 3.5111 0.431850
-0.1333 3.6889 0.425990
-0.1333 3.8667 0.423300
-0.1333 4.0444 0.423798
-0.1333 4.2222 0.427463
-0.1333 4.4000 0.434240
-0.1333 4.5778 0.444043
-0.1333 4.7556 0.456761
-0.1333 4.9333 0.472267
-0.1333 5.1111 0.490418
-0.1333 5.2889 0.511061
-0.1333 5.4667 0.534042
-0.1333 5.6444 0.559203
-0.1333 5.8222 0.586390
-0.1333 6.0000 0.615451

0.0444 -2.0000 1.399400
0.0444 -1.8222 1.359502
0.0444 -1.6444 1.320651
0.0444 -1.4667 1.282677
0.0444 -1.2889 1.245435
0.0444 -1.1111 1.208803
0.0444 -0.9333 1.172683
0.0444 -0.7556 1.136996
0.0444 -0.5778 1.101682
0.0444 -0.4000 1.066694
0.0444 -0.2222 1.032001
0.0444 -0.0444 0.997587
0.0444 0.1333 0.963443
0.0444 0.3111 0.929576
0.0444 0.4889 0.896002
0.0444 0.6667 0.862752
0.0444 0.8444 0.829870
0.0444 1.0222 0.797418
0.0444 1.2000 0.765474
0.0444 1.3778 0.734139
0.0444 1.5556 0.703537
0.0444 1.7333 0.673817
0.0444 1.9111 0.645155
0.0444 2.0889 0.617753
0.0444 2.2667 0.591834
0.0444 2.4444 0.567637
0.0444 2.6222 0.545411
0.0444 2.8000 0.525406
0.0444 2.9778 0.507859
0.0444 3.1556 0.492984
0.0444 3.3333 0.480966
0.0444 3.5111 0.471952
0.0444 3.6889 0.466046
0.0444 3.8667 0.463308
0.0444 4.0444 0.463757
0.0444 4.2222 0.467372
0.0444 4.4000 0.474098
0.0444 4.5778 0.483848
0.0444 4.7556 0.496510
0.0444 4.9333 0.511955
0.0444 5.1111 0.530039
0.0444 5.2889 0.550612
0.0444 5.4667 0.573517
0.0444 5.6444 0.598597
0.0444 5.8222 0.625698
0.0444 6.0000 0.654670

0.2222 -2.0000 1.441379
0.2222 -1.8222 1.401257
0.2222 -1.6444 1.362217
0.2222 -1.4667 1.324086
0.2222 -1.2889 1.286716
0.2222 -1.1111 1.249981
0.2222 -0.9333 1.213780
0.2222 -0.7556 1.178028
0.2222 -0.5778 1.142664
0.2222 -0.4000 1.107638
0.2222 -0.2222 1.072919
0.2222 -0.0444 1.038486
0.2222 0.1333 1.004332
0.2222 0.3111 0.970462
0.2222 0.4889 0.936892
0.2222 0.6667 0.903654
0.2222 0.8444 0.870792
0.2222 1.0222 0.838368
0.2222 1.2000 0.806461
0.2222 1.3778 0.775175
0.2222 1.5556 0.744633
0.2222 1.7333 0.714986
0.2222 1.9111 0.686411
0.2222 2.0889 0.659108
0.2222 2.2667 0.633300
0.2222 2.4444 0.609225
0.2222 2.6222 0.587129
0.2222 2.8000 0.567257
0.2222 2.9778 0.549843
0.2222 3.1556 0.535096
0.2222 3.3333 0.523197
0.2222 3.5111 0.514286
0.2222 3.6889 0.508466
0.2222 3.8667 0.505794
0.2222 4.0444 0.506287
0.2222 4.2222 0.509923
0.2222 4.4000 0.516645
0.2222 4.5778 0.526367
0.2222 4.7556 0.538977
0.2222 4.9333 0.554348
0.2222 5.1111 0.572337
0.2222 5.2889 0.592795
0.2222 5.4667 0.615567
0.2222 5.6444 0.640500
0.2222 5.8222 0.667440
0.2222 6.0000 0.696241

0.4000 -2.0000 1.484304
0.4000 -1.8222 1.443825
0.4000 -1.6444 1.404478
0.4000 -1.4667 1.366090
0.4000 -1.2889 1.328507
0.4000 -1.1111 1.291599
0.4000 -0.9333 1.255259
0.4000 -0.7556 1.219398
0.4000 -0.5778 1.183950
0.4000 -0.4000 1.148863
0.4000 -0.2222 1.114100
0.4000 -0.0444 1.079641
0.4000 0.1333 1.045477
0.4000 0.3111 1.011611
0.4000 0.4889 0.978061
0.4000 0.6667 0.944859
0.4000 0.8444 0.912049
0.4000 1.0222 0.879695
0.4000 1.2000 0.847880
0.4000 1.3778 0.816707
0.4000 1.5556 0.786305
0.4000 1.7333 0.756825
0.4000 1.9111 0.728445
0.4000 2.0889 0.701365
0.4000 2.2667 0.675807
0.4000 2.4444 0.652004
0.4000 2.6222 0.630197
0.4000 2.8000 0.610624
0.4000 2.9778 0.593511
0.4000 3.1556 0.579056
0.4000 3.3333 0.567432
0.4000 3.5111 0.558771
0.4000 3.6889 0.553167
0.4000 3.8667 0.550673
0.4000 4.0444 0.551301
0.4000 4.2222 0.555026
0.4000 4.4000 0.561793
0.4000 4.5778 0.571515
0.4000 4.7556 0.584084
0.4000 4.9333 0.599373
0.4000 5.1111 0.617244
0.4000 5.2889 0.637550
0.4000 5.4667 0.660142
0.4000 5.6444 0.684869
0.4000 5.8222 0.711583
0.4000 6.0000 0.740141

0.5778 -2.0000 1.528170
0.5778 -1.8222 1.487206
0.5778 -1.6444 1.447439
0.5778 -1.4667 1.408693
0.5778 -1.2889 1.370813
0.5778 -1.1111 1.333661
0.5778 -0.9333 1.297125
0.5778 -0.7556 1.261110
0.5778 -0.5778 1.225543
0.5778 -0.4000 1.190369
0.5778 -0.2222 1.155547
0.5778 -0.0444 1.121054
0.5778 0.1333 1.086879
0.5778 0.3111 1.053025
0.5778 0.4889 1.019510
0.5778 0.6667 0.986366
0.5778 0.8444 0.953641
0.5778 1.0222 0.921401
0.5778 1.2000 0.889730
0.5778 1.3778 0.858737
0.5778 1.5556 0.828553
0.5778 1.7333 0.799331
0.5778 1.9111 0.771252
0.5778 2.0889 0.744516
0.5778 2.2667 0.719339
0.5778 2.4444 0.695952
0.5778 2.6222 0.674587
0.5778 2.8000 0.655470
0.5778 2.9778 0.638814
0.5778 3.1556 0.624807
0.5778 3.3333 0.613604
0.5778 3.5111 0.605328
0.5778 3.6889 0.600061
0.5778 3.8667 0.597848
0.5778 4.0444 0.598696
0.5778 4.2222 0.602578
0.5778 4.4000 0.609438
0.5778 4.5778 0.619190
0.5778 4.7556 0.631729
0.5778 4.9333 0.646933
0.5778 5.1111 0.664669
0.5778 5.2889 0.684794
0.5778 5.4667 0.707166
0.5778 5.6444 0.731639
0.5778 5.8222 0.758070
0.5778 6.0000 0.786322

0.7556 -2.0000 1.572991
0.7556 -1.8222 1.531422
0.7556 -1.6444 1.491124
0.7556 -1.4667 1.451922
0.7556 -1.2889 1.413659
0.7556 -1.1111 1.376191
0.7556 -0.9333 1.339399
0.7556 -0.7556 1.303182
0.7556 -0.5778 1.267460
0.7556 -0.4000 1.232171
0.7556 -0.2222 1.197272
0.7556 -0.0444 1.162736
0.7556 0.1333 1.128549
0.7556 0.3111 1.094715
0.7556 0.4889 1.061251
0.7556 0.6667 1.028190
0.7556 0.8444 0.995583
0.7556 1.0222 0.963500
0.7556 1.2000 0.932028
0.7556 1.3778 0.901281
0.7556 1.5556 0.871393
0.7556 1.7333 0.842522
0.7556 1.9111 0.814848
0.7556 2.0889 0.788571
0.7556 2.2667 0.763905
0.7556 2.4444 0.741070
0.7556 2.6222 0.720288
0.7556 2.8000 0.701772
0.7556 2.9778 0.685718
0.7556 3.1556 0.672297
0.7556 3.3333 0.661649
0.7556 3.5111 0.653879
0.7556 3.6889 0.649057
0.7556 3.8667 0.647220
0.7556 4.0444 0.648366
0.7556 4.2222 0.652466
0.7556 4.4000 0.659462
0.7556 4.5778 0.669273
0.7556 4.7556 0.681796
0.7556 4.9333 0.696915
0.7556 5.1111 0.714503
0.7556 5.2889 0.734425
0.7556 5.4667 0.756545
0.7556 5.6444 0.780724
0.7556 5.8222 0.806825
0.7556 6.0000 0.834718

0.9333 -2.0000 1.618801
0.9333 -1.8222 1.576511
0.9333 -1.6444 1.535574
0.9333 -1.4667 1.495819
0.9333 -1.2889 1.457085
0.9333 -1.1111 1.419226
0.9333 -0.9333 1.382116
0.9333 -0.7556 1.345645
0.9333 -0.5778 1.309728
0.9333 -0.4000 1.274296
0.9333 -0.2222 1.239300
0.9333 -0.0444 1.204710
0.9333 0.1333 1.170511
0.9333 0.3111 1.136703
0.9333 0.4889 1.103306
0.9333 0.6667 1.070354
0.9333 0.8444 1.037901
0.9333 1.0222 1.006019
0.9333 1.2000 0.974803
0.9333 1.3778 0.944370
0.9333 1.5556 0.914858
0.9333 1.7333 0.886429
0.9333 1.9111 0.859264
0.9333 2.0889 0.833560
0.9333 2.2667 0.809525
0.9333 2.4444 0.787370
0.9333 2.6222 0.767302
0.9333 2.8000 0.749519
0.9333 2.9778 0.734196
0.9333 3.1556 0.721485
0.9333 3.3333 0.711506
0.9333 3.5111 0.704348
0.9333 3.6889 0.700067
0.9333 3.8667 0.698686
0.9333 4.0444 0.700198
0.9333 4.2222 0.704569
0.9333 4.4000 0.711742
0.9333 4.5778 0.721637
0.9333 4.7556 0.734157
0.9333 4.9333 0.749193
0.9333 5.1111 0.766625
0.9333 5.2889 0.786327
0.9333 5.4667 0.808169
0.9333 5.6444 0.832021
0.9333 5.8222 0.857755
0.9333 6.0000 0.885247

1.1111 -2.0000 1.665645
1.1111 -1.8222 1.622525
1.1111 -1.6444 1.580846
1.1111 -1.4667 1.540440
1.1111 -1.2889 1.501148
1.1111 -1.1111 1.462820
1.1111 -0.9333 1.425324
1.1111 -0.7556 1.388545
1.1111 -0.5778 1.352389
1.1111 -0.4000 1.316781
1.1111 -0.2222 1.281668
1.1111 -0.0444 1.247012
1.1111 0.1333 1.212797
1.1111 0.3111 1.179024
1.1111 0.4889 1.145711
1.1111 0.6667 1.112895
1.1111 0.8444 1.080632
1.1111 1.0222 1.049001
1.1111 1.2000 1.018100
1.1111 1.3778 0.988050
1.1111 1.5556 0.958996
1.1111 1.7333 0.931101
1.1111 1.9111 0.904547
1.1111 2.0889 0.879525
1.1111 2.2667 0.856236
1.1111 2.4444 0.834878
1.1111 2.6222 0.815643
1.1111 2.8000 0.798707
1.1111 2.9778 0.784227
1.1111 3.1556 0.772331
1.1111 3.3333 0.763119
1.1111 3.5111 0.756662
1.1111 3.6889 0.752999
1.1111 3.8667 0.752141
1.1111 4.0444 0.754075
1.1111 4.2222 0.758763
1.1111 4.4000 0.766145
1.1111 4.5778 0.776147
1.1111 4.7556 0.788678
1.1111 4.9333 0.803634
1.1111 5.1111 0.820904
1.1111 5.2889 0.840372
1.1111 5.4667 0.861918
1.1111 5.6444 0.885419
1.1111 5.8222 0.910755
1.1111 6.0000 0.937811

1.2889 -2.0000 1.713574
1.2889 -1.8222 1.669526
1.2889 -1.6444 1.627006
1.2889 -1.4667 1.585855
1.2889 -1.2889 1.545915
1.2889 -1.1111 1.507039
1.2889 -0.9333 1.469087
1.2889 -0.7556 1.431941
1.2889 -0.5778 1.395498
1.2889 -0.4000 1.359679
1.2889 -0.2222 1.324422
1.2889 -0.0444 1.289687
1.2889 0.1333 1.255455
1.2889 0.3111 1.221724
1.2889 0.4889 1.188513
1.2889 0.6667 1.155861
1.2889 0.8444 1.123829
1.2889 1.0222 1.092499
1.2889 1.2000 1.061974
1.2889 1.3778 1.032381
1.2889 1.5556 1.003868
1.2889 1.7333 0.976599
1.2889 1.9111 0.950753
1.2889 2.0889 0.926517
1.2889 2.2667 0.904079
1.2889 2.4444 0.883624
1.2889 2.6222 0.865325
1.2889 2.8000 0.849337
1.2889 2.9778 0.835792
1.2889 3.1556 0.824797
1.2889 3.3333 0.816431
1.2889 3.5111 0.810744
1.2889 3.6889 0.807760
1.2889 3.8667 0.807479
1.2889 4.0444 0.809880
1.2889 4.2222 0.814920
1.2889 4.4000 0.822540
1.2889 4.5778 0.832668
1.2889 4.7556 0.845220
1.2889 4.9333 0.860100
1.2889 5.1111 0.877207
1.2889 5.2889 0.896432
1.2889 5.4667 0.917666
1.2889 5.6444 0.940797
1.2889 5.8222 0.965713
1.2889 6.0000 0.992306

1.4667 -2.0000 1.762646
1.4667 -1.8222 1.717581
1.4667 -1.6444 1.674128
1.4667 -1.4667 1.632141
1.4667 -1.2889 1.591467
1.4667 -1.1111 1.551960
1.4667 -0.9333 1.513481
1.4667 -0.7556 1.475904
1.4667 -0.5778 1.439124
1.4667 -0.4000 1.403053
1.4667 -0.2222 1.367625
1.4667 -0.0444 1.332796
1.4667 0.1333 1.298541
1.4667 0.3111 1.264860
1.4667 0.4889 1.231770
1.4667 0.6667 1.199314
1.4667 0.8444 1.167555
1.4667 1.0222 1.136579
1.4667 1.2000 1.106495
1.4667 1.3778 1.077434
1.4667 1.5556 1.049544
1.4667 1.7333 1.022991
1.4667 1.9111 0.997948
1.4667 2.0889 0.974594
1.4667 2.2667 0.953103
1.4667 2.4444 0.933644
1.4667 2.6222 0.916368
1.4667 2.8000 0.901408
1.4667 2.9778 0.888872
1.4667 3.1556 0.878845
1.4667 3.3333 0.871382
1.4667 3.5111 0.866517
1.4667 3.6889 0.864259
1.4667 3.8667 0.864594
1.4667 4.0444 0.867494
1.4667 4.2222 0.872913
1.4667 4.4000 0.880792
1.4667 4.5778 0.891063
1.4667 4.7556 0.903646
1.4667 4.9333 0.918454
1.4667 5.1111 0.935396
1.4667 5.2889 0.954373
1.4667 5.4667 0.975286
1.4667 5.6444 0.998033
1.4667 5.8222 1.022512
1.4667 6.0000 1.048622

1.6444 -2.0000 1.812919
1.6444 -1.8222 1.766759
1.6444 -1.6444 1.722292
1.6444 -1.4667 1.679383
1.6444 -1.2889 1.637891
1.6444 -1.1111 1.597674
1.6444 -0.9333 1.558592
1.6444 -0.7556 1.520520
1.6444 -0.5778 1.483348
1.6444 -0.4000 1.446982
1.6444 -0.2222 1.411353
1.6444 -0.0444 1.376411
1.6444 0.1333 1.342130
1.6444 0.3111 1.308505
1.6444 0.4889 1.275557
1.6444 0.6667 1.243329
1.6444 0.8444 1.211887
1.6444 1.0222 1.181322
1.6444 1.2000 1.151745
1.6444 1.3778 1.123290
1.6444 1.5556 1.096106
1.6444 1.7333 1.070354
1.6444 1.9111 1.046202
1.6444 2.0889 1.023815
1.6444 2.2667 1.003355
1.6444 2.4444 0.984968
1.6444 2.6222 0.968785
1.6444 2.8000 0.954915
1.6444 2.9778 0.943444
1.6444 3.1556 0.934431
1.6444 3.3333 0.927913
1.6444 3.5111 0.923905
1.6444 3.6889 0.922401
1.6444 3.8667 0.923378
1.6444 4.0444 0.926800
1.6444 4.2222 0.932617
1.6444 4.4000 0.940771
1.6444 4.5778 0.951195
1.6444 4.7556 0.963818
1.6444 4.9333 0.978560
1.6444 5.1111 0.995337
1.6444 5.2889 1.014064
1.6444 5.4667 1.034650
1.6444 5.6444 1.057004
1.6444 5.8222 1.081034
1.6444 6.0000 1.106649

1.8222 -2.0000 1.864450
1.8222 -1.8222 1.817129
1.8222 -1.6444 1.771575
1.8222 -1.4667 1.727669
1.8222 -1.2889 1.685281
1.8222 -1.1111 1.644275
1.8222 -0.9333 1.604519
1.8222 -0.7556 1.565886
1.8222 -0.5778 1.528265
1.8222 -0.4000 1.491560
1.8222 -0.2222 1.455696
1.8222 -0.0444 1.420621
1.8222 0.1333 1.386307
1.8222 0.3111 1.352747
1.8222 0.4889 1.319961
1.8222 0.6667 1.287995
1.8222 0.8444 1.256916
1.8222 1.0222 1.226818
1.8222 1.2000 1.197814
1.8222 1.3778 1.170039
1.8222 1.5556 1.143638
1.8222 1.7333 1.118767
1.8222 1.9111 1.095583
1.8222 2.0889 1.074239
1.8222 2.2667 1.054877
1.8222 2.4444 1.037624
1.8222 2.6222 1.022586
1.8222 2.8000 1.009851
1.8222 2.9778 0.999479
1.8222 3.1556 0.991510
1.8222 3.3333 0.985960
1.8222 3.5111 0.982828
1.8222 3.6889 0.982095
1.8222 3.8667 0.983728
1.8222 4.0444 0.987683
1.8222 4.2222 0.993909
1.8222 4.4000 1.002347
1.8222 4.5778 1.012934
1.8222 4.7556 1.025603
1.8222 4.9333 1.040283
1.8222 5.1111 1.056899
1.8222 5.2889 1.075376
1.8222 5.4667 1.095633
1.8222 5.6444 1.117590
1.8222 5.8222 1.141165
1.8222 6.0000 1.166276

2.0000 -2.0000 1.917288
2.0000 -1.8222 1.868757
2.0000 -1.6444 1.822058
2.0000 -1.4667 1.777088
2.0000 -1.2889 1.733733
2.0000 -1.1111 1.691868
2.0000 -0.9333 1.651367
2.0000 -0.7556 1.612109
2.0000 -0.5778 1.573982
2.0000 -0.4000 1.536891
2.0000 -0.2222 1.500759
2.0000 -0.0444 1.465531
2.0000 0.1333 1.431175
2.0000 0.3111 1.397686
2.0000 0.4889 1.365084
2.0000 0.6667 1.333412
2.0000 0.8444 1.302742
2.0000 1.0222 1.273167
2.0000 1.2000 1.244801
2.0000 1.3778 1.217773
2.0000 1.5556 1.192227
2.0000 1.7333 1.168308
2.0000 1.9111 1.146160
2.0000 2.0889 1.125919
2.0000 2.2667 1.107707
2.0000 2.4444 1.091631
2.0000 2.6222 1.077774
2.0000 2.8000 1.066199
2.0000 2.9778 1.056945
2.0000 3.1556 1.050032
2.0000 3.3333 1.045459
2.0000 3.5111 1.043208
2.0000 3.6889 1.043248
2.0000 3.8667 1.045539
2.0000 4.0444 1.050031
2.0000 4.2222 1.056669
2.0000 4.4000 1.065396
2.0000 4.5778 1.076151
2.0000 4.7556 1.088872
2.0000 4.9333 1.103496
2.0000 5.1111 1.119955
2.0000 5.2889 1.138185
2.0000 5.4667 1.158115
2.0000 5.6444 1.179674
2.0000 5.8222 1.202792
2.0000 6.0000 1.227395

